0 0.384814 0.706214 0.0803364 0.372593 0.944912
0 0.560516 0.706731 0.081015 0.370808 0.944242
0 0.206834 0.704931 0.0848309 0.373533 0.940536
0 0.213053 0.320784 0.0878126 0.371135 0.93898
0 0.561566 0.328513 0.080548 0.366498 0.937466
0 0.388849 0.328451 0.0819796 0.366168 0.936659
0 0.302155 0.32494 0.0841005 0.368336 0.933596
0 0.733427 0.331005 0.0832336 0.361465 0.928893
0 0.476968 0.325751 0.0792506 0.366732 0.92872
0 0.299893 0.706344 0.0830785 0.373962 0.9285
0 0.731399 0.708091 0.0802564 0.370095 0.928456
0 0.474851 0.704985 0.0809187 0.369336 0.925104
0 0.646113 0.708233 0.0800966 0.370116 0.924525
0 0.647401 0.329626 0.0826773 0.363122 0.922465
