0 0.783239 0.0421551 0.308481 0.0668306 0.948625
0 0.400376 0.311401 0.325155 0.0694622 0.947878
0 0.394561 0.0397939 0.323408 0.0695759 0.947832
0 0.403374 0.379558 0.322209 0.0684012 0.947615
0 0.39932 0.242417 0.326008 0.0689035 0.945908
0 0.78923 0.242176 0.308385 0.0676986 0.944129
0 0.395658 0.10713 0.324672 0.0678584 0.943715
0 0.79529 0.4454 0.313367 0.0714728 0.943159
0 0.793603 0.377719 0.313637 0.0706437 0.942979
0 0.398197 0.174694 0.325756 0.0681182 0.942455
0 0.405833 0.447251 0.322281 0.0696899 0.941888
0 0.787774 0.175262 0.308198 0.0680529 0.941235
0 0.797332 0.512836 0.313443 0.0722668 0.940878
0 0.790767 0.309625 0.310533 0.0700635 0.93881
0 0.799118 0.581013 0.310092 0.071777 0.937607
0 0.799873 0.648978 0.307494 0.0718179 0.935954
0 0.412486 0.648813 0.31896 0.0759483 0.935406
0 0.784637 0.10902 0.306779 0.0664773 0.934044
0 0.406946 0.514159 0.321688 0.0728413 0.931459
0 0.410062 0.581396 0.32078 0.0728542 0.930618
